28.3041
28.2502
28.3508
28.2183
28.4223
28.2833
28.287
28.4994
28.4029
28.3096
28.3419
28.2185
28.273
28.3065
28.1757
28.4012
28.2981
28.2437
28.4064
28.3591
28.252
28.3727
28.3292
28.2848
28.2078
28.2951
28.3175
28.2937
28.3908
28.2156
28.4916
28.5481
28.344
28.254
28.3981
28.2738
28.3159
28.1765
28.3729
28.3618
28.4101
28.481
28.2551
28.3557
28.3188
28.4144
28.3738
28.2581
28.4014
28.4897
28.3329
28.4746
28.5364
28.4393
28.5036
28.4082
28.3562
28.3746
28.4821
28.5578
28.5398
28.3059
28.461
28.4704
28.5705
28.4906
28.3868
28.4713
28.3654
28.407
28.5706
28.4241
28.5327
28.3605
28.5267
28.4969
28.3906
28.5687
28.4139
28.4021
28.6026
28.5416
28.5076
28.6531
28.4108
28.4481
28.4722
28.556
28.3757
28.476
28.5869
28.4889
28.5364
28.4513
28.3829
28.4642
28.4277
28.5215
28.4114
28.339
28.6668
28.3366
28.4522
28.4957
28.5749
28.4279
28.4318
28.3624
28.5123
28.3423
28.45
28.3986
28.38
28.3479
28.3054
28.4629
28.5128
28.4541
28.4373
28.5099
28.301
28.438
28.5252
28.5242
28.4107
28.4536
28.5455
28.4772
28.4505
28.6942
28.4182
28.5869
28.5392
28.5385
28.4657
28.4895
28.6133
28.5287
28.4278
28.6145
28.5173
28.4591
28.4461
28.5832
28.6007
28.4954
28.6219
28.347
28.4845
28.4833
28.6243
28.429
28.5871
28.5939
28.5021
28.5549
28.8039
28.4976
28.5709
28.5701
28.6194
28.6173
28.5201
28.4664
28.562
28.4817
28.5355
28.4197
28.5127
28.5309
28.5009
28.5458
28.6822
28.4634
28.6426
28.7408
28.6171
28.5753
28.6246
28.5545
28.5115
28.537
28.5742
28.6832
28.6882
28.5249
28.5583
28.5735
28.8044
28.5521
28.6017
28.5238
28.4606
28.4845
28.5267
28.5329
28.4216
28.5868
28.6357
28.5946
